              precision    recall  f1-score   support

           0       0.98      1.00      0.99        60
           1       0.99      0.99      0.99       720
           2       0.98      1.00      0.99       750
          ...       ...     ...         ...       ...
          35       0.99      1.00      0.99       390
          36       0.99      0.97      0.98       120
          37       1.00      1.00      1.00        60
          38       0.98      1.00      0.99       690
          39       0.98      0.99      0.98        90
          40       0.94      0.98      0.96        90
          41       1.00      0.80      0.89        60
          42       0.97      1.00      0.98        90

    accuracy                           0.97     12630
   macro avg       0.97      0.96      0.96     12630
weighted avg       0.98      0.97      0.97     12630

